<?xml version="1.0" encoding="UTF-8"?>
<document version="1.5.0">
  <chunk label="Chunk 9" enabled="true">
    <sensors next_id="2">
      <sensor id="0" label="Pixel 9 Pro XL, Pixel 9 Pro XL back camera 6.9mm f/1.68 (6.9mm)" type="frame">
        <resolution width="4080" height="3072"/>
        <property name="pixel_width" value="0.002435606579920987"/>
        <property name="pixel_height" value="0.002435606579920987"/>
        <property name="focal_length" value="6.9000000000000004"/>
        <property name="layer_index" value="0"/>
        <bands>
          <band label="Red"/>
          <band label="Green"/>
          <band label="Blue"/>
        </bands>
        <data_type>uint8</data_type>
        <calibration type="frame" class="adjusted">
          <resolution width="4080" height="3072"/>
          <f>3150.9613513888762</f>
          <cx>-30.537586032336502</cx>
          <cy>-19.713621560908667</cy>
          <k1>0.24340327263458647</k1>
          <k2>-1.4243619199343402</k2>
          <k3>2.6790960510631119</k3>
          <p1>0.0020711351898547469</p1>
          <p2>0.003239135335152344</p2>
        </calibration>
        <covariance>
          <params>f cx cy k1 k2 k3 p1 p2</params>
          <coeffs>3.6159393389537654e+03 6.2723746189356833e-01 2.9151323291271929e+01 5.3756015319780692e-01 -6.4790064677650800e+00 1.8279922936047779e+01 7.5686933800039055e-03 -1.3875119915948645e-02 6.2723746189356833e-01 8.7486295373325496e-01 2.0388980234721424e-02 -1.6550914994174074e-04 6.2822195058036788e-04 -1.3999611720601115e-03 -8.6895081806719860e-06 8.1566033438240361e-05 2.9151323291271929e+01 2.0388980234721424e-02 2.2843086075568446e+00 4.3637301156224211e-03 -4.9767357374864700e-02 1.3942464747029593e-01 -1.1700513630656937e-05 1.0581072172172888e-04 5.3756015319780692e-01 -1.6550914994174074e-04 4.3637301156224211e-03 8.1515412573401164e-05 -9.7208008174426647e-04 2.7384286431923139e-03 1.1707853956463096e-06 -2.1646087640409494e-06 -6.4790064677650800e+00 6.2822195058036788e-04 -4.9767357374864700e-02 -9.7208008174426647e-04 1.1682198007061906e-02 -3.2935853713864469e-02 -1.3797751880250872e-05 2.5579364217839506e-05 1.8279922936047779e+01 -1.3999611720601115e-03 1.3942464747029593e-01 2.7384286431923139e-03 -3.2935853713864469e-02 9.2882006530976793e-02 3.8893222402718192e-05 -7.1950676306806592e-05 7.5686933800039055e-03 -8.6895081806719860e-06 -1.1700513630656937e-05 1.1707853956463096e-06 -1.3797751880250872e-05 3.8893222402718192e-05 4.6884851505665780e-08 -6.5147993973062500e-08 -1.3875119915948645e-02 8.1566033438240361e-05 1.0581072172172888e-04 -2.1646087640409494e-06 2.5579364217839506e-05 -7.1950676306806592e-05 -6.5147993973062500e-08 2.2128062103558267e-07</coeffs>
        </covariance>
      </sensor>
      <sensor id="1" label="Pixel 9 Pro XL, Pixel 9 Pro XL back camera 2.02mm f/1.7 (2.02mm)" type="frame">
        <resolution width="4080" height="3072"/>
        <property name="pixel_width" value="0.0014260653018667807"/>
        <property name="pixel_height" value="0.0014260653018667807"/>
        <property name="focal_length" value="2.02"/>
        <property name="layer_index" value="0"/>
        <bands>
          <band label="Red"/>
          <band label="Green"/>
          <band label="Blue"/>
        </bands>
        <data_type>uint8</data_type>
        <calibration type="frame" class="adjusted">
          <resolution width="4080" height="3072"/>
          <f>1363.5876395455475</f>
          <cx>-16.710459012530215</cx>
          <cy>-14.47708995279795</cy>
          <k1>-0.0011790453775050026</k1>
          <k2>0.00083297404624314592</k2>
          <k3>-0.00010576773805117227</k3>
          <p1>0.00062780988609070364</p1>
          <p2>0.000572452357500115</p2>
        </calibration>
        <covariance>
          <params>f cx cy k1 k2 k3 p1 p2</params>
          <coeffs>4.0701710044251547e+02 -4.6010957892470010e+00 2.8617118925997882e+01 -2.2575674221085354e-03 1.0759650045930268e-03 -2.0934143340011640e-04 6.0213079197849395e-04 -1.1921953589551781e-03 -4.6010957892470010e+00 9.1160273275923143e-01 -6.5595700390114930e-01 -3.0369801695031921e-06 -8.9161882583020721e-06 1.6779784658145852e-06 -2.6656205711336657e-05 2.9583525815878612e-05 2.8617118925997882e+01 -6.5595700390114930e-01 4.2493685569381983e+00 -1.3944328016214316e-04 5.2934897414725097e-05 -9.8918505405414352e-06 5.6556811203008810e-05 -1.8158588138779432e-04 -2.2575674221085354e-03 -3.0369801695031921e-06 -1.3944328016214316e-04 3.0559007347504824e-08 -8.4462553715608592e-09 1.8062056112395448e-09 -3.1706977219061426e-09 7.4940985617825393e-09 1.0759650045930268e-03 -8.9161882583020721e-06 5.2934897414725097e-05 -8.4462553715608592e-09 6.2915831965159902e-09 -1.4348165146776075e-09 1.3734998202834116e-09 -2.0338676404361934e-09 -2.0934143340011640e-04 1.6779784658145852e-06 -9.8918505405414352e-06 1.8062056112395448e-09 -1.4348165146776075e-09 3.3859278814206811e-10 -2.5935244519314473e-10 3.7488541677274306e-10 6.0213079197849395e-04 -2.6656205711336657e-05 5.6556811203008810e-05 -3.1706977219061426e-09 1.3734998202834116e-09 -2.5935244519314473e-10 2.5077404002391023e-09 -3.1260826410441416e-09 -1.1921953589551781e-03 2.9583525815878612e-05 -1.8158588138779432e-04 7.4940985617825393e-09 -2.0338676404361934e-09 3.7488541677274306e-10 -3.1260826410441416e-09 1.0926614387711352e-08</coeffs>
        </covariance>
      </sensor>
    </sensors>
    <components next_id="1" active_id="0">
      <component id="0" label="Component 1">
        <transform>
          <rotation locked="true">2.2573067779792175e-01 4.0905924763809706e-02 -9.7333055352234188e-01 2.5674879916668973e-03 -9.9913955449659753e-01 -4.1395152442692103e-02 -9.7418636261564617e-01 6.8451413103465461e-03 -2.2564147432184986e-01</rotation>
          <translation locked="true">-1.0298914276042640e+06 -5.6571207021440417e+06 2.7518081724315230e+06</translation>
          <scale locked="true">1.8865155473803470e+00</scale>
        </transform>
        <region>
          <center>4.6286856896500062e-01 5.8162605869742846e-02 -1.0404585131274593e+00</center>
          <size>5.1566612836113661e+00 6.2817358006128954e-01 3.0398057453365421e+00</size>
          <R>-9.9992671016005208e-01 -1.0727570968900202e-02 -5.6119096217289964e-03 -4.5917434816504865e-03 -9.2862927126831876e-02 9.9566831457932603e-01 -1.1202240860380130e-02 9.9562111065733450e-01 9.2806862963695252e-02</R>
        </region>
        <partition>
          <camera_ids>0 1 2 3</camera_ids>
        </partition>
      </component>
    </components>
    <cameras next_id="4" next_group_id="0">
      <camera id="0" sensor_id="0" component_id="0" label="PXL_20241205_195314245" enabled="false">
        <transform>9.9977450840887871e-01 -1.8501666847010399e-02 -1.0422123568031435e-02 4.6382025802284438e-01 -1.8148672633189450e-02 -9.9929046927087195e-01 3.3002783307688410e-02 -1.9439265943885448e-01 -1.1025335252880072e-02 -3.2806193748790180e-02 -9.9940091836773814e-01 3.4360918973578918e+00 0 0 0 1</transform>
        <rotation_covariance>4.1098249387500910e-02 1.2853477847785924e-04 -9.4609340292451435e-03 1.2853477847785922e-04 3.0486986892100221e-02 -2.5658214674411806e-03 -9.4609340292451435e-03 -2.5658214674411798e-03 1.2525210277041987e-01</rotation_covariance>
        <location_covariance>3.0579494088758208e-01 3.9087012017061259e-04 2.2854451879410096e-05 3.9087012017061259e-04 3.7345593533432353e-01 4.1470630431096811e-03 2.2854451879410096e-05 4.1470630431096811e-03 3.0621808440407938e-01</location_covariance>
        <orientation>1</orientation>
        <reference x="-100.317902777778" y="25.724355555555601" z="512.39999999999998" yaw="77" pitch="0" roll="0" enabled="true" rotation_enabled="false"/>
      </camera>
      <camera id="1" sensor_id="1" component_id="0" label="PXL_20241205_202453757">
        <transform>9.9996781580889027e-01 -2.6168278988236834e-04 -8.0186575257328273e-03 -2.7087176352750968e-02 -4.8967958610044663e-05 -9.9964838232653652e-01 2.6516208516245698e-02 1.3427978492725114e-02 -8.0227768594509658e-03 -2.6514962456233859e-02 -9.9961622226602920e-01 -9.4171398005723703e-02 0 0 0 1</transform>
        <rotation_covariance>4.1137048883483511e-02 3.9113604675320373e-04 -9.6123122580698359e-03 3.9113604675320373e-04 3.0535470854179052e-02 -3.3508627773555138e-03 -9.6123122580698359e-03 -3.3508627773555142e-03 1.2516687985158792e-01</rotation_covariance>
        <location_covariance>1.2039830039798551e-01 -1.1835162567006307e-04 -2.1572329163059598e-05 -1.1835162567006307e-04 1.3084681476263219e-01 5.5233187074828574e-04 -2.1572329163059598e-05 5.5233187074828574e-04 1.2042584337570962e-01</location_covariance>
        <orientation>1</orientation>
        <reference x="-100.317819444444" y="25.7243833333333" z="512.39999999999998" yaw="73" pitch="0" roll="0" enabled="true" rotation_enabled="false"/>
      </camera>
      <camera id="2" sensor_id="1" component_id="0" label="PXL_20241205_202459445">
        <transform>9.9998243741137571e-01 -5.5353917899347120e-03 -2.1176181280694612e-03 -9.6069325501725444e-01 -5.4235587114127223e-03 -9.9875444113518641e-01 4.9599912536684075e-02 3.4072996060052888e-02 -2.3895354586747934e-03 -4.9587556407578802e-02 -9.9876692194416261e-01 -3.0193899358252646e-02 0 0 0 1</transform>
        <rotation_covariance>4.1254640234047506e-02 1.2037007730517112e-04 -1.0119675249954224e-02 1.2037007730517124e-04 3.0429877620054717e-02 -1.1091640472239979e-03 -1.0119675249954224e-02 -1.1091640472239974e-03 1.2515500828703269e-01</rotation_covariance>
        <location_covariance>1.5872536514551816e-01 1.4611240228781354e-03 3.0346258377507724e-05 1.4611240228781354e-03 2.8009462245773775e-01 7.4463818657661803e-03 3.0346258377507724e-05 7.4463818657661803e-03 1.5885194394637367e-01</location_covariance>
        <orientation>1</orientation>
        <reference x="-100.317819444444" y="25.7243833333333" z="512.39999999999998" yaw="86" pitch="0" roll="0" enabled="true" rotation_enabled="false"/>
      </camera>
      <camera id="3" sensor_id="1" component_id="0" label="PXL_20241205_202508080">
        <transform>9.9944331320335711e-01 -9.9337797362884835e-03 -3.1849391096938240e-02 1.4592316811030388e+00 -7.6519541060847259e-03 -9.9744823863349708e-01 7.0982102288481327e-02 2.0224226320627890e-02 -3.2473239620542910e-02 -7.0698877410358948e-02 -9.9696898519535793e-01 -7.6261392402307920e-02 0 0 0 1</transform>
        <rotation_covariance>4.0724736342610278e-02 -1.1324445326736556e-04 -7.5946967417100239e-03 -1.1324445326736577e-04 3.0426574116244640e-02 9.4311036625751568e-04 -7.5946967417100239e-03 9.4311036625751438e-04 1.2568827461578644e-01</rotation_covariance>
        <location_covariance>1.6345604093614827e-01 4.1280503772903493e-04 1.5618835292389874e-04 4.1280503772903493e-04 3.3551296929669938e-01 1.0687242785018645e-02 1.5618835292389874e-04 1.0687242785018645e-02 1.6372735244771175e-01</location_covariance>
        <orientation>1</orientation>
        <reference x="-100.317819444444" y="25.7243833333333" z="512.39999999999998" yaw="78" pitch="0" roll="0" enabled="true" rotation_enabled="false"/>
      </camera>
    </cameras>
    <transform>
      <rotation locked="true">2.2573067779792175e-01 4.0905924763809706e-02 -9.7333055352234188e-01 2.5674879916668973e-03 -9.9913955449659753e-01 -4.1395152442692103e-02 -9.7418636261564617e-01 6.8451413103465461e-03 -2.2564147432184986e-01</rotation>
      <translation locked="true">-1.0298914276042640e+06 -5.6571207021440417e+06 2.7518081724315230e+06</translation>
      <scale locked="true">1.8865155473803470e+00</scale>
    </transform>
    <reference>GEOGCS["WGS 84",DATUM["World Geodetic System 1984",SPHEROID["WGS 84",6378137,298.257223563,AUTHORITY["EPSG","7030"]],TOWGS84[0,0,0,0,0,0,0],AUTHORITY["EPSG","6326"]],PRIMEM["Greenwich",0,AUTHORITY["EPSG","8901"]],UNIT["degree",0.01745329251994328,AUTHORITY["EPSG","9102"]],AUTHORITY["EPSG","4326"]]</reference>
    <region>
      <center>4.6286856896500062e-01 5.8162605869742846e-02 -1.0404585131274593e+00</center>
      <size>5.1566612836113661e+00 6.2817358006128954e-01 3.0398057453365421e+00</size>
      <R>-9.9992671016005208e-01 -1.0727570968900202e-02 -5.6119096217289964e-03 -4.5917434816504865e-03 -9.2862927126831876e-02 9.9566831457932603e-01 -1.1202240860380130e-02 9.9562111065733450e-01 9.2806862963695252e-02</R>
    </region>
    <settings>
      <property name="accuracy_tiepoints" value="1"/>
      <property name="accuracy_cameras" value="10"/>
      <property name="accuracy_cameras_ypr" value="10"/>
      <property name="accuracy_markers" value="0.0050000000000000001"/>
      <property name="accuracy_scalebars" value="0.001"/>
      <property name="accuracy_projections" value="0.5"/>
    </settings>
    <meta>
      <property name="AlignCameras/adaptive_fitting" value="false"/>
      <property name="AlignCameras/duration" value="5.263"/>
      <property name="AlignCameras/min_image" value="2"/>
      <property name="AlignCameras/ram_used" value="34127872"/>
      <property name="AlignCameras/reset_alignment" value="false"/>
      <property name="AlignCameras/subdivide_task" value="true"/>
      <property name="Info/LastSavedDateTime" value="2025:02:07 22:19:10"/>
      <property name="Info/LastSavedSoftwareVersion" value="1.7.1.11797"/>
      <property name="OptimizeCameras/sigma0" value="0.115337160194951"/>
    </meta>
  </chunk>
</document>
